% original Audapter upsampling filter (16KHz to 48KHz)
a0=[1.000000000000000000000000, -4.137689759094149300000000, 11.417342955970334000000000, -21.230389508442666000000000, 31.507204607241498000000000, -36.677292780605917000000000, 36.042584528469732000000000, -28.996821243768743000000000, 20.262367357856544000000000, -11.637468104552259000000000, 5.968975493498319000000000, -2.417954280896708500000000, 0.941027354810217260000000, -0.241109659478893040000000, 0.083935453370180629000000, -0.005511361553189712100000, 0.006142808678570149300000, 0.001292100725808184000000, 0.000588047191250507470000, 0.000146757274221299580000, 0.000035865709068928935000];
b0=[0.005985366448016847400000, -0.000000000068663473436596, 0.029926833561855812000000, 0.014963399494903253000000, 0.072946803942075492000000, 0.066399110082245749000000, 0.128831523706446540000000, 0.141307195958322970000000, 0.183515087779119460000000, 0.196038702055692930000000, 0.207578586483177310000000, 0.196038702055692630000000, 0.183515087779119760000000, 0.141307195958322280000000, 0.128831523706446790000000, 0.066399110082245277000000, 0.072946803942075533000000, 0.014963399494903067000000, 0.029926833561855826000000, -0.000000000068663525932820, 0.005985366448016846500000];
fs1=32000;                          % sampling frequency of MicMRI frequency response
fs2=48000;                          % sampling frequency of Audapter filter (higher or equal to fs1)

% load estimated MIC frequency response
MicMRI = [-46.27;-46.18;-45.93;-45.57;-45.14;-44.69;-44.25;-43.84;-43.46;-43.11;-42.8;-42.51;-42.25;-42;-41.76;-41.52;-41.26;-40.97;-40.64;-40.29;-39.92;-39.56;-39.24;-38.97;-38.76;-38.62;-38.55;-38.54;-38.57;-38.65;-38.77;-38.91;-39.08;-39.27;-39.49;-39.73;-40;-40.3;-40.63;-40.98;-41.35;-41.72;-42.09;-42.46;-42.81;-43.14;-43.46;-43.76;-44.05;-44.33;-44.62;-44.9;-45.19;-45.49;-45.79;-46.1;-46.4;-46.7;-46.99;-47.27;-47.54;-47.78;-48;-48.18;-48.33;-48.45;-48.54;-48.6;-48.65;-48.7;-48.76;-48.84;-48.94;-49.07;-49.22;-49.4;-49.6;-49.82;-50.05;-50.27;-50.49;-50.69;-50.86;-51.01;-51.12;-51.19;-51.23;-51.23;-51.21;-51.16;-51.09;-51;-50.91;-50.8;-50.7;-50.59;-50.48;-50.37;-50.27;-50.18;-50.08;-49.99;-49.89;-49.77;-49.63;-49.46;-49.25;-49.01;-48.73;-48.42;-48.09;-47.75;-47.41;-47.09;-46.81;-46.56;-46.36;-46.22;-46.15;-46.14;-46.21;-46.37;-46.6;-46.9;-47.28;-47.7;-48.13;-48.56;-48.95;-49.27;-49.52;-49.71;-49.84;-49.94;-50.01;-50.07;-50.12;-50.16;-50.18;-50.2;-50.19;-50.18;-50.15;-50.12;-50.11;-50.1;-50.12;-50.15;-50.19;-50.22;-50.24;-50.25;-50.22;-50.17;-50.1;-50.01;-49.92;-49.83;-49.77;-49.73;-49.73;-49.75;-49.8;-49.87;-49.95;-50.03;-50.11;-50.18;-50.24;-50.27;-50.29;-50.29;-50.28;-50.25;-50.22;-50.18;-50.15;-50.12;-50.1;-50.11;-50.12;-50.15;-50.18;-50.22;-50.25;-50.28;-50.3;-50.32;-50.33;-50.33;-50.33;-50.33;-50.31;-50.28;-50.24;-50.19;-50.12;-50.05;-49.97;-49.89;-49.81;-49.73;-49.66;-49.59;-49.53;-49.47;-49.42;-49.38;-49.36;-49.34;-49.34;-49.35;-49.36;-49.37;-49.37;-49.36;-49.34;-49.29;-49.23;-49.16;-49.07;-48.98;-48.88;-48.79;-48.7;-48.62;-48.56;-48.51;-48.49;-48.48;-48.48;-48.49;-48.51;-48.53;-48.55;-48.56;-48.56;-48.55;-48.53;-48.49;-48.43;-48.35;-48.25;-48.11;-47.95;-47.77;-47.57;-47.35;-47.13;-46.91;-46.69;-46.47;-46.28;-46.09;-45.94;-45.8;-45.7;-45.61;-45.54;-45.48;-45.42;-45.36;-45.29;-45.21;-45.12;-45.01;-44.89;-44.76;-44.62;-44.47;-44.33;-44.19;-44.08;-43.98;-43.92;-43.88;-43.88;-43.9;-43.95;-44;-44.05;-44.09;-44.11;-44.11;-44.09;-44.06;-44.02;-43.97;-43.92;-43.88;-43.85;-43.83;-43.83;-43.83;-43.83;-43.82;-43.79;-43.72;-43.63;-43.49;-43.31;-43.09;-42.83;-42.55;-42.24;-41.92;-41.6;-41.28;-40.97;-40.68;-40.42;-40.18;-39.98;-39.8;-39.67;-39.58;-39.52;-39.52;-39.57;-39.68;-39.85;-40.09;-40.39;-40.73;-41.11;-41.5;-41.87;-42.18;-42.41;-42.51;-42.5;-42.39;-42.2;-41.96;-41.71;-41.46;-41.21;-40.98;-40.77;-40.58;-40.41;-40.25;-40.1;-39.98;-39.86;-39.76;-39.66;-39.56;-39.46;-39.34;-39.2;-39.05;-38.89;-38.72;-38.54;-38.36;-38.18;-38.02;-37.86;-37.73;-37.61;-37.53;-37.47;-37.44;-37.43;-37.45;-37.48;-37.53;-37.58;-37.62;-37.64;-37.64;-37.61;-37.53;-37.39;-37.21;-36.98;-36.73;-36.47;-36.23;-36.01;-35.81;-35.64;-35.48;-35.32;-35.15;-34.97;-34.78;-34.57;-34.35;-34.12;-33.89;-33.67;-33.47;-33.29;-33.13;-32.99;-32.89;-32.82;-32.77;-32.75;-32.74;-32.76;-32.77;-32.8;-32.82;-32.84;-32.85;-32.85;-32.84;-32.81;-32.78;-32.72;-32.65;-32.55;-32.43;-32.29;-32.12;-31.94;-31.73;-31.51;-31.27;-31.03;-30.78;-30.55;-30.33;-30.15;-30.01;-29.91;-29.84;-29.8;-29.76;-29.73;-29.7;-29.64;-29.57;-29.47;-29.35;-29.2;-29.03;-28.83;-28.61;-28.37;-28.12;-27.86;-27.61;-27.38;-27.19;-27.04;-26.94;-26.88;-26.86;-26.85;-26.84;-26.84;-26.83;-26.81;-26.77;-26.73;-26.67;-26.61;-26.53;-26.44;-26.35;-26.26;-26.16;-26.07;-25.98;-25.89;-25.8;-25.7;-25.61;-25.5;-25.4;-25.3;-25.2;-25.11;-25.02;-24.96;-24.91;-24.88;-24.88;-24.9;-24.94;-25.01;-25.09;-25.18;-25.28;-25.37;-25.45;-25.5;-25.53;-25.54;-25.51;-25.46;-25.39;-25.3;-25.21;-25.11;-25.01;-24.91;-24.81;-24.7;-24.59;-24.47;-24.34;-24.21;-24.06;-23.92;-23.77;-23.62;-23.49;-23.37;-23.28;-23.21;-23.18;-23.17;-23.18;-23.21;-23.24;-23.27;-23.28;-23.28;-23.26;-23.23;-23.17;-23.11;-23.03;-22.94;-22.84;-22.72;-22.59;-22.45;-22.29;-22.12;-21.94;-21.76;-21.59;-21.42;-21.27;-21.13;-21.03;-20.97;-20.94;-20.94;-20.97;-21;-21.04;-21.08;-21.11;-21.14;-21.17;-21.2;-21.23;-21.26;-21.29;-21.31;-21.32;-21.31;-21.29;-21.26;-21.22;-21.19;-21.17;-21.16;-21.18;-21.21;-21.25;-21.31;-21.37;-21.45;-21.52;-21.61;-21.71;-21.82;-21.96;-22.12;-22.31;-22.51;-22.74;-22.98;-23.24;-23.51;-23.79;-24.07;-24.35;-24.63;-24.89;-25.13;-25.35;-25.55;-25.72;-25.88;-26.03;-26.16;-26.29;-26.41;-26.53;-26.65;-26.78;-26.92;-27.08;-27.26;-27.46;-27.68;-27.92;-28.17;-28.42;-28.66;-28.89;-29.11;-29.31;-29.5;-29.68;-29.85;-30;-30.15;-30.29;-30.44;-30.58;-30.74;-30.91;-31.09;-31.27;-31.46;-31.66;-31.86;-32.05;-32.25;-32.43;-32.6;-32.75;-32.9;-33.02;-33.14;-33.25;-33.35;-33.45;-33.56;-33.67;-33.8;-33.93;-34.07;-34.22;-34.37;-34.53;-34.7;-34.88;-35.05;-35.23;-35.42;-35.59;-35.76;-35.92;-36.07;-36.21;-36.34;-36.47;-36.59;-36.72;-36.86;-37.02;-37.2;-37.4;-37.63;-37.89;-38.16;-38.45;-38.73;-39.01;-39.27;-39.5;-39.72;-39.92;-40.1;-40.27;-40.44;-40.61;-40.78;-40.96;-41.14;-41.32;-41.51;-41.7;-41.89;-42.08;-42.26;-42.44;-42.6;-42.75;-42.88;-43;-43.1;-43.18;-43.25;-43.29;-43.31;-43.3;-43.26;-43.19;-43.08;-42.94;-42.78;-42.59;-42.4;-42.2;-42.01;-41.81;-41.62;-41.43;-41.23;-41.03;-40.81;-40.59;-40.37;-40.16;-39.95;-39.77;-39.6;-39.46;-39.34;-39.24;-39.14;-39.06;-38.98;-38.89;-38.79;-38.69;-38.56;-38.43;-38.29;-38.15;-37.99;-37.82;-37.65;-37.46;-37.27;-37.06;-36.85;-36.64;-36.43;-36.22;-36.01;-35.81;-35.61;-35.41;-35.22;-35.03;-34.84;-34.66;-34.49;-34.32;-34.16;-34.01;-33.87;-33.74;-33.6;-33.47;-33.33;-33.18;-33.03;-32.88;-32.71;-32.54;-32.36;-32.17;-31.96;-31.74;-31.5;-31.24;-30.96;-30.66;-30.35;-30.01;-29.67;-29.32;-28.96;-28.6;-28.25;-27.9;-27.56;-27.23;-26.92;-26.63;-26.35;-26.11;-25.9;-25.74;-25.64;-25.6;-25.61;-25.65;-25.7;-25.75;-25.8;-25.84;-25.87;-25.91;-25.95;-25.99;-26.05;-26.1;-26.16;-26.21;-26.26;-26.29;-26.31;-26.31;-26.3;-26.29;-26.29;-26.32;-26.39;-26.5;-26.63;-26.79;-26.94;-27.09;-27.23;-27.35;-27.46;-27.56;-27.65;-27.74;-27.83;-27.92;-28.01;-28.11;-28.2;-28.28;-28.35;-28.41;-28.45;-28.49;-28.52;-28.55;-28.59;-28.64;-28.7;-28.77;-28.86;-28.96;-29.06;-29.17;-29.28;-29.38;-29.47;-29.55;-29.62;-29.66;-29.7;-29.71;-29.7;-29.67;-29.62;-29.55;-29.47;-29.38;-29.28;-29.18;-29.07;-28.97;-28.88;-28.79;-28.71;-28.63;-28.55;-28.47;-28.4;-28.32;-28.24;-28.15;-28.06;-27.96;-27.86;-27.76;-27.65;-27.56;-27.5;-27.48;-27.5;-27.56;-27.65;-27.75;-27.83;-27.91;-27.96;-28;-28.03;-28.05;-28.06;-28.07;-28.06;-28.05;-28.02;-27.99;-27.95;-27.9;-27.86;-27.84;-27.82;-27.83;-27.84;-27.85;-27.85;-27.84;-27.8;-27.75;-27.68;-27.59;-27.5;-27.41;-27.33;-27.27;-27.23;-27.22;-27.24;-27.3;-27.38;-27.48;-27.6;-27.72;-27.84;-27.96;-28.06;-28.16;-28.24;-28.31;-28.36;-28.4;-28.43;-28.44;-28.45;-28.44;-28.42;-28.39;-28.36;-28.31;-28.26;-28.22;-28.2;-28.2;-28.25;-28.36;-28.52;